Precision:  0.996984058595433
Recall:  0.9410329402196015
F1 Score:  0.9682008368200837
TP:  2314
FP:  7
FN:  145
TN:  24
