Precision:  0.9931856899488927
Recall:  0.90527950310559
F1 Score:  0.9471974004874085
TP:  583
FP:  4
FN:  61
TN:  6
