Precision:  0.9922839506172839
Recall:  0.7485448195576252
F1 Score:  0.8533510285335102
TP:  1929
FP:  15
FN:  648
TN:  2543
