Precision:  0.9826520912547528
Recall:  0.9567329939842666
F1 Score:  0.9695193434935521
TP:  4135
FP:  73
FN:  187
TN:  4249
