Precision:  0.9879518072289156
Recall:  0.7288888888888889
F1 Score:  0.8388746803069054
TP:  492
FP:  6
FN:  183
TN:  617
