Precision:  0.9902230369691415
Recall:  0.7498843128181397
F1 Score:  0.8534562211981568
TP:  3241
FP:  32
FN:  1081
TN:  4290
