Precision:  0.9875502008032129
Recall:  0.954210322079938
F1 Score:  0.9705940398657983
TP:  2459
FP:  31
FN:  118
TN:  2527
