Precision:  0.9847094801223242
Recall:  0.9540740740740741
F1 Score:  0.9691497366440933
TP:  644
FP:  10
FN:  31
TN:  613
