Precision:  0.9835870599429115
Recall:  0.9567329939842666
F1 Score:  0.9699741965751818
TP:  4135
FP:  69
FN:  187
TN:  4126
